#DataThief /home/by256/Documents/Projects/i2sas/data/biomedcentral/13104_2021_5494_Fig1_HTML-plot-large.png Monday 6-Sep-2021 11:47:58 am
0.00923273, 16.88817948
0.00948423, 17.71849149
0.00953584, 18.97871914
0.00952817, 20.32914994
0.00953911, 22.00114746
0.00959034, 23.64711169
0.00980232, 24.81019178
0.00997401, 26.21051064
0.01002601, 27.97840939
0.01005747, 30.07182924
0.01008932, 32.21098878
0.01016069, 34.50167313
0.01023206, 36.95525948
0.0104262, 38.11265905
0.01064738, 36.82124634
0.01086857, 35.57359198
0.01107152, 33.89928556
0.0112365, 31.86331943
0.01136157, 30.05330337
0.01146765, 28.15219334
0.01157411, 26.28086416
0.01168019, 24.61839085
0.01174713, 22.98238933
0.0118536, 21.45470674
0.0119403, 20.02875908
0.012046, 18.8263739
0.01215246, 17.57494946
0.01223993, 16.29447277
0.01236807, 14.95204457
0.01245554, 13.86266764
0.01254378, 12.76461755
0.01267192, 11.7129982
0.01276054, 10.74821777
0.01292819, 9.86253636
0.01303657, 9.05009092
0.01318485, 8.27592491
0.01329247, 7.64655996
0.01337917, 7.1383454
0.01346587, 6.6639084
0.01355334, 6.17838897
0.01364005, 5.7677537
0.01372713, 5.36593677
0.01385374, 4.99201963
0.01397996, 4.6601472
0.01412556, 4.36527437
0.0142324, 4.06112479
0.01433925, 3.77816677
0.014486, 3.50279876
0.01461222, 3.26993061
0.01473921, 3.0316332
0.01486581, 2.82037846
0.01501179, 2.63285343
0.01517792, 2.4493413
0.01534404, 2.27862014
0.01545165, 2.10533635
0.01559725, 1.97212028
0.01574285, 1.84733351
0.01594772, 1.73039422
0.01611385, 1.60978428
0.01629896, 1.50789632
0.01644494, 1.40763733
0.0166103, 1.31855616
0.01677412, 1.25220938
0.01699645, 1.19736991
0.01718004, 1.13711033
0.01738338, 1.07987333
0.01754758, 1.02201794
0.01775131, 0.96724415
0.01795465, 0.91855745
0.01817813, 0.86932038
0.01836286, 0.81710201
0.01856659, 0.77331044
0.0187893, 0.73690693
0.0190124, 0.69980783
0.0192355, 0.66457646
0.01945745, 0.63765968
0.01967979, 0.6097339
0.01992149, 0.58503289
0.02014383, 0.55941187
0.02038554, 0.53674947
0.02060672, 0.51856219
0.02082829, 0.49927231
0.02110721, 0.48901819
0.02142566, 0.47896572
0.0217418, 0.47889418
0.02207617, 0.48544618
0.02235088, 0.4937958
0.02262444, 0.50749475
0.02289838, 0.51978422
0.0231518, 0.5360483
0.02336455, 0.55856113
0.02367839, 0.57011376
0.02401238, 0.57990342
0.02434713, 0.58582052
0.02466327, 0.58573301
0.02498018, 0.58163374
0.025337, 0.5755708
0.02563606, 0.56181019
0.02595489, 0.54837345
0.02627372, 0.53525808
0.02659255, 0.52245638
0.02687186, 0.50997038
0.02715155, 0.4960749
0.02747038, 0.48421035
0.02778729, 0.48082158
0.02804109, 0.49416521
0.02823408, 0.51492385
0.02836703, 0.54027049
0.02846007, 0.56882701
0.02857326, 0.59683255
0.02866707, 0.6240742
0.02884068, 0.64806492
0.02911846, 0.64133346
0.02935978, 0.61747085
0.02954298, 0.58841447
0.0296669, 0.5607411
0.02981058, 0.53436423
0.02997479, 0.50573509
0.03015914, 0.47699312
0.03036248, 0.45298344
0.03054606, 0.43018632
0.03076763, 0.4141839
0.03096982, 0.39741227
0.03117277, 0.37870766
0.03141372, 0.36587208
0.03163567, 0.35105348
0.03191498, 0.34266378
0.03219275, 0.33910452
0.03239418, 0.32761733
0.03261689, 0.31219478
0.03285668, 0.30473944
0.03311547, 0.29951106
0.03335679, 0.28836692
0.0335985, 0.27668485
0.03385844, 0.26914836
0.03413775, 0.26271608
0.03445657, 0.25643273
0.03469828, 0.24604436
0.03491947, 0.23770737
0.03516041, 0.22965073
0.03542111, 0.22186508
0.03564191, 0.21508534
0.03590338, 0.20637006
0.03614432, 0.19937554
0.03640425, 0.19394484
0.03664558, 0.18672858
0.03688614, 0.18102085
0.03714645, 0.17548594
0.03740677, 0.17012027
0.03766709, 0.16491867
0.03796424, 0.16376601
0.03823857, 0.16715627
0.03843232, 0.17298494
0.03862569, 0.17963316
0.03884074, 0.18335705
0.0390813, 0.17775236
0.03930248, 0.17172939
0.03952405, 0.16534127
0.03972624, 0.15864607
0.03988968, 0.15118206
0.04015038, 0.14605666
0.04043008, 0.14207697
0.04065087, 0.13773539
0.04092673, 0.13866728
0.04118552, 0.13628818
0.04146444, 0.13348908
0.041724, 0.13030009
0.04202, 0.13073037
0.0423559, 0.13070962
0.04267204, 0.1306901
0.04302771, 0.13066813
0.04342289, 0.13064373
0.04379907, 0.12972579
0.04417526, 0.12881429
0.04453131, 0.12835075
0.0449075, 0.12744892
0.04524417, 0.12655578
0.04560098, 0.12523656
0.04593841, 0.12350705
0.04627623, 0.12138352
0.04659391, 0.11970833
0.04695072, 0.1184605
0.04730715, 0.11762925
0.04766243, 0.11801439
0.04785542, 0.12297187
0.04802789, 0.12902264
0.04812016, 0.13677922
0.0482322, 0.14500075
0.04832486, 0.1531905
0.04841714, 0.16239999
0.04852956, 0.17157087
0.04874269, 0.17816309
0.04904061, 0.17570594
0.04920328, 0.16859419
0.04926908, 0.15902155
0.049374, 0.15050601
0.04951884, 0.1419551
0.04968419, 0.13297158
0.04980926, 0.12541805
0.04993433, 0.11829359
0.05009854, 0.11195589
0.05028251, 0.10595673
0.05054397, 0.10166337
0.05080467, 0.09821676
0.05106499, 0.09521368
0.05138267, 0.09389966
0.05175924, 0.09291998
0.05213658, 0.09132065
0.05251277, 0.090679
0.0528715, 0.08820492
0.05321047, 0.08579914
0.05352929, 0.08374709
0.05384736, 0.08230795
0.05414681, 0.0800645
0.05444549, 0.0784194
0.05470504, 0.07654599
0.05496459, 0.07471735
0.0552439, 0.0729317
0.05554297, 0.07118807
0.05586257, 0.06900949
0.05618024, 0.0680571
0.05653744, 0.06711661
0.05683651, 0.065512
0.05717548, 0.06372517
0.05749431, 0.06220106
0.0579104, 0.06155096
0.05830673, 0.06090821
0.05868253, 0.06068847
0.0590568, 0.06130657
0.05939079, 0.06235929
0.0597054, 0.06321305
0.06007967, 0.06385686
0.06045547, 0.06362648
0.0608309, 0.06361519
0.06118886, 0.06230633
0.06156658, 0.06102382
0.06190555, 0.0593594
0.062205, 0.05774146
0.06256335, 0.05635942
0.06288179, 0.05520087
0.06318124, 0.05369627
0.0634807, 0.05223269
0.06381852, 0.05133462
0.06413734, 0.05010686
0.06441627, 0.04907776
0.06475409, 0.04823394
0.06509076, 0.04789592
0.06544719, 0.04755983
0.06582414, 0.04690216
0.06624023, 0.04641195
0.0666168, 0.04592772
0.06699299, 0.04560502
0.06731029, 0.04513047
0.06766672, 0.04481379
0.0680007, 0.04558331
0.06829402, 0.04684745
0.0686493, 0.04700083
0.0689875, 0.04603423
0.06926681, 0.04493408
0.06954612, 0.04386022
0.06982581, 0.04266513
0.0701245, 0.04178848
0.07052045, 0.04149447
0.07093654, 0.04106078
0.07133325, 0.0404926
0.07171059, 0.03979564
0.07208831, 0.03897649
0.07244666, 0.03804359
0.07276433, 0.03751856
0.07316105, 0.03699939
0.07357829, 0.03623712
0.07397615, 0.03536912
0.07439262, 0.03487937
0.07477034, 0.03416142
0.07512792, 0.03357375
0.07552464, 0.03310917
0.07592058, 0.03287623
0.07629715, 0.03253322
0.07667411, 0.03208334
0.07708943, 0.03196699
0.07748385, 0.03218147
0.07779654, 0.0331875
0.07806971, 0.03422562
0.07834404, 0.03493416
0.07862105, 0.03480975
0.07890113, 0.03374509
0.07916106, 0.03282592
0.07942099, 0.03193179
0.07970069, 0.03106173
0.08003889, 0.03042293
0.08037633, 0.03000279
0.08071415, 0.02948693
0.08107058, 0.02928002
0.08135027, 0.02848221
0.08164934, 0.02780126
0.08196586, 0.02770174
0.08230292, 0.02741323
0.08266165, 0.02666529
0.08301846, 0.02638733
0.08341479, 0.02611178
0.0838305, 0.02592783
0.08422606, 0.02583405
0.08462201, 0.02565229
0.08501795, 0.02547181
0.08547241, 0.02546634
0.08590864, 0.02511347
0.08628483, 0.02493702
0.08669977, 0.02493213
0.08711548, 0.02475649
0.08738865, 0.02553088
0.08766029, 0.02669396
0.08783352, 0.02781557
0.08810593, 0.02888351
0.08836012, 0.02958322
0.08869832, 0.02897483
0.08899892, 0.02789596
0.08925962, 0.02695022
0.08944244, 0.02577044
0.08964386, 0.02489747
0.0898449, 0.02413688
0.09006685, 0.02315928
0.09028842, 0.02229778
0.0905871, 0.02183963
0.09094545, 0.02131689
0.09130188, 0.02116731
0.09169783, 0.02101838
